5
7
9
10
15
17
31
33
35
36
43
45
46
49
50
52
54
57
58
60
65
69
71
80
87
94
97
98
101
102
106
107
109
110
112
127
128
130
136
139
143
146
147
155
156
158
160
163
164
173
174
176
178
181
187
189
195
197
198
211
212
214
215
218
222
228
243
253
254
258
268
274
275
285
286
293
294
296
300
301
302
304
305
306
307
314
315
316
322
324
337
339
341
346
356
357
359
366
372
377
385
386
388
393
397
406
408
416
418
420
427
432
433
434
435
441
442
443
444
445
449
451
456
457
462
464
467
470
474
476
477
479
480
485
487
488
489
497
498
499
505
509
510
523
524
526
527
529
537
541
542
551
554
557
558
561
564
568
573
576
578
581
582
587
591
608
609
613
614
625
628
629
635
636
643
645
646
649
658
664
670
685
686
689
691
701
708
710
720
723
728
732
733
735
738
743
745
746
749
751
752
760
762
764
765
770
771
774
775
778
780
781
782
783
787
790
799
801
803
809
812
814
825
830
842
843
848
854
857
861
866
868
871
874
876
879
884
885
889
890
892
895
896
897
901
902
904
905
917
919
924
926
931
933
936
937
940
945
952
955
957
958
964
965
967
972
973
980
986
987
989
993
994
998
999
1005
1010
1012
1028
1029
1030
1031
1039
1044
1049
1050
1057
1064
1070
1074
1081
1083
1085
1087
1088
1095
1096
1105
1110
1121
1124
1128
1130
1134
1138
1142
1147
1148
1150
1159
1162
1164
1172
1182
1184
1191
1194
1195
1201
1202
1203
1206
1211
1215
1226
1227
1231
1232
1233
1241
1242
1244
1251
1254
1255
1258
1261
1270
1280
1283
1287
1290
1304
1305
1314
1322
1325
1326
1329
1333
1335
1340
1343
1345
1349
1351
1360
1363
1365
1372
1373
1374
1377
1380
1382
1400
1402
1404
1409
1411
1412
1413
1421
1436
1442
1443
1444
1445
1455
1456
1467
1471
1478
1483
1489
1493
1495
1497
1498
1501
1505
1508
1509
1521
1522
1523
1526
1528
1529
1532
1533
1534
1542
1543
1544
1550
1551
1556
1557
1559
1560
1564
1568
1582
1583
1584
1592
1595
1599
1604
1607
1608
1610
1611
1617
1619
1628
1629
1633
1635
1640
1641
1642
1643
1644
1645
1647
1649
1653
1654
1658
1659
1662
1666
1675
1680
1682
1685
1687
1690
1691
1696
1701
1703
1704
1708
1709
1712
1716
1721
1723
1725
1737
1751
1759
1769
1772
1773
1784
1788
1792
1796
1797
1806
1807
1808
1822
1823
1824
1825
1826
1827
1828
1830
1833
1836
1837
1838
1839
1840
1842
1845
1850
1852
1856
1859
1862
1871
1876
1877
1878
1887
1891
1892
1893
1903
1905
1907
1912
1913
1918
1926
1927
1929
1930
1932
1933
1936
1937
1946
1950
1953
1956
1965
1966
1977
1982
1983
1985
1987
1988
1990
1993
1998
1999
2000
2002
2009
2013
2020
2021
2025
2029
2033
2037
2041
2042
2047
2049
2052
2059
2067
2068
2071
2075
2082
2083
2084
2086
2088
2101
2103
2104
2111
2112
2113
2116
2132
2135
2140
2148
2150
2152
2157
2161
2162
2165
2166
2171
2173
2180
2182
2212
2218
2224
2228
2229
2234
2235
2236
2237
2239
2240
2241
2242
2243
2250
2252
2253
2260
2262
2269
2274
2276
2278
2279
2289
2290
2296
2299
2300
2304
2305
2309
2312
2314
2320
2326
2331
2333
2334
2336
2337
2338
2339
2344
2345
2346
2347
2354
2365
2371
2373
2379
2382
2387
2388
2397
2403
2411
2415
2419
2423
2428
2430
2433
2438
2444
2447
2451
2452
2455
2459
2460
2462
2463
2464
2466
2468
2469
2472
2473
2477
2479
2480
2482
2488
2492
2493
2503
2509
2511
2513
2516
2517
2521
2522
2524
2533
2535
2537
2541
2542
2556
2557
2559
2561
2569
2574
2577
2584
2590
2596
2600
2610
2613
2622
2626
2628
2629
2630
2634
2636
2643
2644
2645
2648
2652
2653
2657
2660
2661
2662
2665
2668
2674
2675
2676
2678
2680
2689
2695
2696
2697
2699
2708
2713
2716
2717
2718
2719
2723
2729
2732
2733
2734
2735
2740
2749
2757
2760
2761
2766
2770
2775
2784
2785
2787
2790
2791
2805
2809
2812
2815
2820
2829
2834
2845
2847
2853
2854
2857
2858
2859
2860
2862
2865
2881
2882
2891
2893
2898
2899
2901
2905
2911
2912
2922
2923
2924
2933
2935
2938
2942
2948
2950
2951
2954
2955
2956
2957
2976
2977
2979
2983
2986
2987
2991
2992
2997
3000
3004
3008
3011
3015
3019
3023
3025
3026
3027
3037
3038
3042
3043
3045
3046
3054
3059
3065
3067
3069
3078
3083
3089
3090
3091
3093
3095
3107
3109
3110
3114
3118
3125
3126
3129
3130
3132
3133
3135
3137
3142
3144
3145
3148
3157
3158
3163
3177
3184
3192
3193
3197
3204
3205
3206
3207
3208
3209
3210
3213
3214
3220
3221
3223
3229
3235
3245
3246
3248
3251
3254
3255
3260
3261
3270
3274
3278
3283
3296
3297
3298
3303
3306
3310
3315
3316
3317
3320
3322
3328
3330
3349
3356
3357
3358
3359
3360
3369
3376
3377
3380
3383
3387
3396
3397
3399
3401
3402
3403
3406
3407
3410
3412
3421
3423
3426
3429
3432
3435
3444
3445
3449
3458
3459
3460
3461
3464
3465
3466
3471
3476
3482
3488
3494
3500
3507
3518
3521
3524
3527
3532
3537
3541
3548
3555
3557
3561
3562
3566
3567
3569
3574
3576
3578
3579
3584
3585
3591
3592
3600
3608
3609
3612
3616
3617
3619
3621
3630
3636
3643
3648
3649
3650
3662
3663
3668
3673
3675
3676
3685
3688
3695
3697
3701
3704
3707
3711
3716
3723
3724
3728
3730
3733
3734
3736
3738
3740
3741
3746
3748
3756
3757
3758
3764
3766
3769
3776
3779
3783
3785
3790
3794
3803
3806
3807
3811
3812
3814
3815
3824
3827
3830
3832
3840
3841
3843
3846
3847
3849
3850
3852
3854
3856
3865
3866
3867
3870
3873
3874
3875
3878
3882
3900
3901
3912
3920
3922
3925
3927
3929
3937
3940
3960
3961
3964
3968
3970
3972
3974
3976
3986
3990
3996
3999
4003
4005
4018
4020
4021
4022
4023
4025
4026
4047
4051
4053
4054
4058
4059
4065
4069
4070
4074
4076
4084
4088
4093
4098
4105
4108
4109
4114
4116
4118
4119
4123
4126
4131
4136
4138
4142
4145
4149
4151
4155
4158
4160
4166
4169
4170
4172
4173
4175
4176
4177
4182
4187
4196
4198
4201
4202
4205
4209
4210
4212
4213
4214
4225
4230
4237
4241
4244
4245
4249
4250
4252
4257
4262
4263
4264
4271
4277
4282
4288
4292
4302
4303
4310
4313
4314
4322
4324
4325
4330
4340
4343
4353
4354
4357
4359
4365
4367
4369
4370
4373
4376
4377
4380
4383
4385
4388
4397
4402
4403
4409
4414
4416
4419
4423
4426
4431
4435
4436
4450
4457
4458
4460
4461
4469
4470
4471
4475
4477
4480
4482
4484
4489
4493
4498
4502
4507
4508
4513
4514
4522
4523
4524
4531
4532
4535
4536
4537
4538
4544
4548
4551
4553
4554
4558
4559
4561
4563
4565
4570
4575
4579
4586
4587
4598
4599
4602
4604
4606
4607
4613
4615
4619
4620
4623
4627
4632
4637
4639
4640
4660
4661
4664
4669
4672
4674
4677
4682
4689
4692
4694
4696
4699
4706
4709
4715
4719
4721
4729
4730
4731
4733
4735
4736
4737
4738
4745
4747
4748
4749
4753
4757
4768
4771
4772
4775
4777
4781
4783
4784
4787
4790
4794
4795
4803
4806
4807
4819
4827
4836
4839
4843
4844
4845
4851
4852
4853
4860
4863
4864
4870
4871
4875
4879
4880
4881
4885
4887
4892
4893
4896
4899
4904
4905
4907
4908
4917
4920
4921
4932
4935
4937
4938
4944
4950
4953
4954
4969
4971
4972
4974
4978
4979
4986
4991
4997
5005
5009
5010
5012
5017
5022
5023
5026
5028
5040
5043
5045
5051
5056
5060
5061
5063
5067
5077
5079
5082
5083
5084
5089
5094
5095
5096
5101
5104
5105
5107
5108
5111
5113
5122
5126
5130
5138
5142
5148
5152
5154
5157
5158
5167
5173
5174
5183
5192
5195
5201
5202
5204
5208
5210
5214
5216
5218
5224
5225
5231
5235
5240
5244
5245
5249
5254
5256
5258
5268
5273
5277
5278
5279
5283
5289
5292
5299
5302
5323
5326
5331
5333
5338
5351
5353
5355
5356
5358
5360
5363
5366
5367
5369
5370
5373
5375
5378
5380
5381
5383
5385
5395
5396
5403
5405
5408
5409
5410
5412
5414
5416
5421
5425
5428
5430
5431
5435
5436
5437
5439
5440
5447
5448
5452
5458
5462
5467
5468
5479
5480
5486
5497
5501
5502
5503
5505
5509
5513
5516
5517
5522
5529
5533
5535
5553
5557
5563
5564
5565
5567
5569
5570
5571
5579
5584
5593
5597
5599
5600
5601
5602
5603
5611
5612
5625
5629
5641
5643
5644
5659
5661
5662
5664
5670
5671
5672
5679
5683
5687
5691
5697
5704
5708
5714
5716
5719
5720
5728
5732
5734
5735
5738
5740
5742
5746
5750
5753
5754
5758
5759
5760
5763
5764
5765
5767
5769
5778
5781
5782
5783
5786
5791
5796
5803
5806
5816
5817
5818
5820
5823
5826
5827
5832
5835
5836
5838
5840
5842
5844
5845
5846
5847
5859
5862
5863
5867
5870
5879
5880
5881
5889
5892
5896
5899
5901
5903
5904
5909
5914
5920
5921
5924
5925
5932
5940
5943
5949
5954
5960
5975
5976
5977
5979
5981
5983
5988
5991
5993
5998
6001
6006
6010
6020
6022
6025
6032
6040
6047
6052
6055
6063
6065
6066
6075
6077
6082
6085
6092
6094
6097
6098
6099
6104
6115
6123
6127
6130
6134
6138
6153
6156
6166
6172
6177
6187
6188
6189
6191
6196
6197
6198
6200
6204
6206
6211
6212
6220
6221
6222
6223
6226
6228
6232
6233
6236
6243
6248
6251
6255
6259
6261
6262
6264
6275
6276
6277
6279
6280
6290
6292
6296
6299
6300
6301
6303
6308
6309
6316
6317
6319
6329
6331
6339
6343
6351
6355
6358
6359
6360
6365
6369
6374
6378
6379
6384
6387
6395
6397
6400
6401
6404
6411
6414
6417
6419
6420
6423
6424
6425
6427
6429
6430
6435
6437
6439
6440
6452
6454
6458
6460
6462
6473
6477
6479
6480
6482
6484
6485
6488
6491
6503
6511
6514
6516
6520
6522
6528
6532
6533
6541
6543
6544
6545
6546
6548
6549
6550
6551
6552
6553
6565
6567
6572
6574
6577
6589
6590
6592
6594
6596
6603
6604
6607
6613
6614
6616
6617
6619
6621
6628
6637
6639
6642
6644
6648
6653
6658
6660
6662
6671
6672
6683
6687
6689
6691
6697
6702
6704
6705
6706
6708
6712
6714
6715
6721
6722
6723
6726
6727
6735
6736
6737
6743
6744
6745
6747
6749
6752
6758
6760
6762
6763
6764
6766
6769
6772
6780
6784
6791
6796
6800
6801
6803
6805
6823
6830
6833
6836
6840
6845
6851
6853
6856
6857
6858
6864
6874
6875
6880
6885
6895
6896
6898
6900
6903
6907
6912
6914
6919
6922
6926
6927
6931
6933
6935
6937
6939
6953
6956
6963
6967
6969
6970
6971
6973
6975
6991
7009
7010
7016
7019
7028
7029
7032
7035
7042
7043
7046
7047
7049
7054
7057
7070
7072
7076
7080
7085
7095
7100
7102
7106
7109
7111
7117
7118
7122
7123
7124
7125
7127
7128
7131
7135
7136
7139
7141
7145
7154
7156
7158
7167
7168
7171
7176
7179
7182
7188
7197
7200
7206
7209
7213
7215
7222
7226
7228
7229
7231
7235
7239
7249
7253
7257
7261
7268
7269
7270
7271
7273
7277
7286
7292
7297
7310
7319
7320
7323
7325
7326
7327
7329
7335
7337
7341
7348
7349
7350
7353
7358
7363
7364
7370
7371
7372
7377
7380
7383
7384
7385
7387
7396
7397
7400
7409
7422
7428
7430
7444
7451
7452
7455
7459
7470
7472
7474
7475
7484
7486
7489
7497
7502
7504
7505
7513
7519
7521
7523
7527
7532
7533
7534
7537
7543
7544
7551
7557
7558
7559
7563
7569
7574
7576
7577
7582
7583
7587
7593
7594
7597
7599
7600
7607
7613
7621
7623
7624
7625
7628
7630
7646
7651
7653
7663
7674
7681
7689
7691
7698
7702
7706
7709
7711
7712
7724
7727
7730
7742
7744
7746
7748
7753
7756
7760
7771
7774
7779
7786
7787
7792
7795
7798
7802
7803
7804
7806
7808
7811
7813
7825
7827
7830
7837
7843
7846
7848
7859
7863
7866
7867
7868
7871
7872
7875
7877
7887
7890
7893
7894
7895
7896
7904
7910
7916
7917
7918
7921
7925
7928
7936
7939
7940
7941
7942
7943
7944
7945
7949
7952
7958
7959
7961
7973
7975
7981
7993
8000
8002
8004
8006
8011
8012
8013
8014
8017
8019
8020
8022
8029
8035
8036
8038
8042
8047
8050
8052
8056
8061
8064
8065
8071
8075
8076
8092
8094
8097
8101
8103
8109
8111
8114
8119
8121
8122
8128
8132
8135
8137
8139
8141
8144
8148
8156
8158
8164
8170
8174
8181
8185
8186
8187
8196
8207
8208
8210
8211
8214
8218
8232
8233
8236
8237
8238
8246
8247
8249
8250
8252
8254
8258
8265
8266
8267
8270
8283
8284
8285
8289
8291
8292
8302
8306
8307
8312
8320
8322
8324
8325
8326
8328
8337
8340
8341
8346
8349
8353
8354
8358
8366
8369
8370
8371
8377
8382
8383
8393
8395
8408
8415
8421
8422
8426
8437
8441
8444
8445
8446
8448
8454
8458
8465
8467
8468
8471
8474
8476
8477
8479
8482
8490
8492
8499
8502
8504
8505
8506
8512
8522
8524
8526
8528
8529
8530
8534
8544
8546
8551
8553
8559
8563
8564
8566
8568
8571
8573
8576
8577
8581
8588
8589
8590
8595
8597
8600
8602
8603
8605
8611
8612
8615
8620
8621
8626
8628
8636
8643
8644
8648
8655
8663
8664
8666
8672
8674
8677
8690
8714
8722
8731
8743
8748
8749
8759
8762
8766
8773
8776
8778
8779
8780
8789
8790
8791
8792
8795
8797
8809
8810
8820
8821
8822
8824
8825
8827
8829
8839
8841
8849
8850
8852
8856
8863
8864
8865
8879
8882
8883
8886
8887
8892
8897
8900
8901
8907
8908
8913
8915
8918
8919
8927
8931
8936
8937
8938
8942
8943
8946
8947
8951
8953
8955
8956
8958
8961
8966
8969
8971
8972
8981
8986
8988
8990
8995
8998
9001
9004
9005
9006
9008
9009
9016
9018
9020
9023
9025
9028
9032
9040
9044
9045
9047
9049
9052
9054
9057
9065
9068
9073
9075
9083
9085
9090
9094
9098
9100
9102
9106
9113
9116
9117
9122
9123
9124
9126
9129
9130
9134
9143
9144
9145
9147
9155
9156
9158
9162
9168
9169
9172
9175
9176
9177
9179
9180
9194
9196
9201
9203
9207
9209
9211
9219
9225
9227
9236
9237
9243
9244
9246
9255
9260
9261
9263
9265
9268
9271
9282
9287
9298
9309
9322
9325
9327
9328
9331
9334
9348
9357
9363
9364
9381
9387
9389
9395
9400
9402
9403
9404
9407
9409
9423
9428
9435
9437
9438
9441
9443
9448
9460
9461
9476
9481
9484
9485
9486
9490
9500
9502
9506
9508
9510
9516
9519
9535
9539
9542
9545
9547
9549
9550
9559
9565
9567
9568
9575
9582
9585
9589
9590
9595
9597
9600
9610
9615
9618
9620
9628
9632
9634
9635
9641
9642
9647
9648
9651
9653
9661
9667
9670
9671
9673
9679
9684
9690
9693
9694
9696
9700
9704
9711
9712
9714
9715
9719
9724
9725
9735
9736
9738
9742
9745
9754
9757
9759
9771
9773
9781
9782
9786
9792
9797
9798
9800
9804
9811
9812
9818
9824
9826
9832
9835
9836
9840
9843
9844
9853
9857
9860
9864
9870
9871
9876
9883
9889
9892
9895
9896
9897
9901
9903
9910
9913
9915
9917
9918
9919
9927
9941
9942
9949
9954
9957
9960
9962
9964
9972
9973
9977
9983
9984
9990
9993
9996
9998
9999
10011
10018
10043
10057
10060
10064
10065
10066
10067
10070
10073
10075
10077
10081
10087
10090
10093
10094
10096
10102
10103
10104
10111
10114
10116
10119
10123
10130
10135
10139
10153
10154
10159
10164
10166
10168
10172
10173
10174
10178
10182
10189
10190
10192
10195
10197
10198
10202
10205
10210
10211
10213
10220
10223
10230
10231
10233
10234
10239
10245
10246
10262
10265
10269
10275
10278
10279
10283
10289
10290
10303
10306
10315
10316
10321
10328
10329
10333
10334
10336
10337
10338
10343
10348
10349
10355
10361
10362
10364
10365
10368
10378
10382
10384
10386
10388
10389
10394
10398
10414
10417
10419
10420
10422
10435
10442
10443
10444
10448
10450
10451
10455
10456
10458
10466
10473
10482
10483
10484
10488
10492
10493
10494
10497
10499
10501
10502
10503
10504
10505
10509
10512
10513
10520
10526
10530
10531
10536
10537
10538
10541
10545
10546
10547
10548
10549
10551
10554
10559
10561
10563
10566
10569
10570
10572
10575
10579
10583
10597
10599
10603
10605
10612
10613
10615
10617
10625
10633
10636
10637
10644
10652
10654
10658
10660
10662
10666
10667
10671
10673
10674
10683
10687
10689
10690
10693
10697
10700
10701
10705
10708
10710
10714
10715
10717
10718
10725
10736
10739
10741
10743
10747
10750
10758
10760
10780
10781
10785
10788
10804
10805
10811
10813
10816
10818
10824
10825
10826
10827
10828
10831
10833
10839
10841
10854
10855
10859
10861
10865
10868
10872
10873
10874
10877
10879
10885
10887
10888
10891
10892
10893
10894
10906
10909
10917
10930
10936
10937
10940
10944
10946
10947
10949
10952
10953
10954
10955
10957
10960
10962
10964
10967
10971
10972
10983
10987
10990
10995
10997
10998
10999
11003
11012
11019
11020
11026
11032
11048
11049
11054
11055
11058
11061
11066
11068
11072
11074
11075
11076
11082
11083
11086
11090
11092
11093
11094
11100
11109
11111
11112
11113
11114
11128
11129
11131
11133
11138
11144
11146
11150
11151
11167
11171
11172
11176
11182
11187
11190
11193
11200
11208
11211
11213
11217
11218
11221
11222
11227
11230
11235
11238
11246
11251
11257
11263
11265
11268
11271
11272
11273
11274
11281
11285
11291
11292
11293
11294
11298
11299
11303
11309
11312
11315
11316
11322
11324
11329
11336
11338
11342
11346
11358
11371
11375
11376
11380
11391
11393
11395
11408
11411
11419
11423
11431
11432
11437
11438
11440
11441
11447
11454
11456
11457
11458
11462
11464
11473
11474
11476
11478
11482
11486
11491
11494
11499
11504
11505
11506
11510
11511
11517
11522
11524
11525
11526
11528
11530
11532
11542
11543
11548
11552
11564
11574
11576
11581
11586
11592
11593
11594
11597
11600
11602
11608
11610
11615
11617
11619
11627
11630
11635
11639
11641
11645
11646
11649
11652
11656
11660
11661
11663
11669
11672
11674
11681
11683
11686
11691
11692
11695
11699
11703
11707
11714
11717
11720
11722
11724
11725
11731
11733
11742
11744
11745
11748
11749
11754
11761
11763
11766
11769
11770
11771
11777
11786
11790
11794
11800
11810
11814
11816
11817
11819
11820
11823
11825
11827
11828
11835
11839
11842
11843
11844
11846
11850
11853
11857
11861
11862
11869
11873
11881
11885
11887
11896
11897
11899
11901
11905
11908
11913
11915
11916
11935
11941
11946
11947
11951
11954
11955
11957
11960
11964
11965
11967
11968
11969
11978
11980
11982
11983
11985
11991
11994
11997
11998
11999
12001
12005
12010
12012
12014
12017
12027
12029
12030
12031
12032
12033
12038
12041
12042
12047
12049
12054
12055
12056
12062
12069
12070
12082
12085
12093
12099
12115
12116
12123
12135
12136
12138
12142
12143
12145
12146
12149
12152
12155
12156
12158
12161
12163
12165
12166
12169
12172
12175
12178
12187
12190
12191
12193
12195
12199
12200
12205
12206
12208
12219
12225
12227
12230
12237
12239
12241
12242
12245
12250
12251
12255
12259
12261
12263
12268
12271
12273
12274
12277
12278
12281
12286
12288
12297
12305
12308
12310
12314
12321
12322
12328
12330
12331
12332
12337
12340
12342
12344
12346
12350
12351
12352
12357
12368
12370
12371
12375
12378
12382
12383
12387
12388
12389
12390
12393
12397
12398
12406
12411
12418
12420
12422
12423
12424
12438
12440
12443
12450
12456
12462
12464
12466
12467
12469
12474
12475
12476
12483
12484
12485
12487
12488
12489
12493
12497
12498
12499
12502
12507
12509
12511
12512
12515
12516
12520
12522
12530
12536
12545
12546
12548
12553
12555
12557
12563
12567
12580
12584
12585
12592
12593
12600
12601
12608
12609
12614
12618
12619
12624
12625
12627
12631
12632
12637
12643
12647
12649
12650
12651
12653
12655
12659
12662
12663
12677
12680
12687
12694
12699
12700
12702
12704
12705
12707
12709
12710
12712
12714
12722
12724
12731
12732
12734
12736
12740
12743
12744
12745
12752
12753
12763
12764
12770
12771
12772
12780
12782
12786
12787
12789
12790
12793
12794
12797
12798
12803
12806
12809
12812
12815
12818
12824
12830
12832
12836
12839
12841
12845
12847
12852
12854
12859
12860
12865
12867
12870
12873
12877
12878
12889
12890
12892
12896
12897
12899
12900
12901
12906
12914
12918
12927
12928
12929
12935
12938
12942
12945
12948
12951
12954
12955
12957
12963
12970
12973
12975
12979
12981
12984
12989
12991
12992
12994
12995
12999
13000
13001
13010
13016
13026
13033
13038
13041
13046
13051
13055
13057
13059
13060
13066
13070
13075
13077
13080
13082
13088
13094
13098
13099
13100
13102
13103
13105
13110
13114
13117
13121
13123
13127
13128
13131
13132
13134
13136
13143
13145
13149
13156
13160
13163
13170
13177
13178
13180
13186
13196
13199
13201
13202
13204
13205
13212
13220
13221
13224
13227
13231
13234
13237
13262
13270
13271
13275
13280
13281
13282
13285
13290
13298
13299
13304
13308
13309
13317
13321
13324
13325
13329
13330
13340
13342
13347
13350
13352
13354
13359
13360
13371
13383
13386
13388
13397
13398
13410
13417
13423
13425
13434
13435
13439
13442
13444
13445
13449
13450
13457
13458
13459
13460
13461
13466
13469
13473
13475
13476
13489
13494
13498
13501
13504
13506
13511
13515
13517
13518
13527
13528
13530
13532
13535
13543
13550
13572
13573
13577
13578
13583
13587
13588
13590
13594
13598
13600
13608
13610
13612
13620
13623
13624
13626
13627
13629
13644
13649
13650
13652
13654
13661
13663
13672
13674
13677
13678
13679
13682
13684
13686
13690
13692
13702
13713
13717
13719
13720
13722
13723
13732
13734
13752
13758
13760
13770
13773
13778
13779
13782
13794
13795
13798
13809
13811
13814
13816
13828
13833
13834
13844
13849
13854
13855
13856
13861
13862
13865
13867
13868
13873
13874
13875
13879
13880
13882
13884
13887
13897
13904
13907
13910
13913
13914
13915
13917
13928
13932
13935
13937
13942
13947
13950
13951
13953
13958
13964
13974
13978
13981
13985
13986
13987
13990
13996
13998
13999
14000
14007
14010
14024
14025
14027
14033
14036
14038
14039
14048
14051
14052
14053
14063
14064
14065
14067
14068
14075
14078
14079
14087
14088
14089
14093
14099
14105
14106
14118
14120
14121
14126
14130
14132
14136
14140
14141
14144
14149
14153
14154
14159
14162
14165
14168
14174
14176
14177
14181
14183
14184
14187
14194
14199
14205
14207
14211
14213
14216
14230
14231
14233
14243
14247
14253
14257
14258
14260
14269
14270
14273
14274
14276
14277
14279
14281
14297
14301
14305
14311
14316
14317
14320
14323
14325
14326
14327
14331
14334
14335
14336
14337
14339
14344
14346
14355
14357
14360
14367
14368
14372
14374
14376
14379
14387
14390
14392
14393
14405
14410
14411
14414
14415
14418
14421
14426
14429
14430
14435
14444
14446
14459
14460
14463
14467
14470
14472
14476
14477
14481
14486
14493
14494
14501
14502
14503
14513
14517
14520
14521
14522
14526
14529
14532
14536
14542
14545
14553
14554
14557
14558
14565
14566
14567
14571
14579
14581
14582
14583
14587
14588
14590
14592
14596
14597
14600
14601
14603
14604
14605
14608
14609
14617
14618
14620
14625
14626
14632
14633
14636
14643
14647
14654
14658
14660
14663
14665
14666
14668
14671
14673
14689
14690
14692
14695
14700
14702
14705
14706
14707
14708
14710
14712
14721
14722
14723
14725
14729
14736
14737
14743
14746
14749
14750
14754
14755
14758
14759
14761
14764
14769
14770
14773
14777
14780
14789
14790
14791
14800
14804
14810
14813
14816
14821
14823
14827
14829
14830
14831
14832
14833
14842
14845
14851
14857
14861
14863
14865
14869
14873
14874
14881
14884
14889
14890
14892
14894
14898
14899
14902
14908
14910
14914
14915
14917
14918
14922
14933
14935
14942
14943
14945
14947
14956
14957
14961
14963
14969
14970
14975
14977
14978
14980
14983
14984
14990
14991
14993
14994
14998
14999
15005
15008
15010
15022
15025
15028
15032
15035
15037
15040
15041
15043
15046
15048
15051
15052
15060
15062
15063
15067
15068
15069
15070
15079
15083
15088
15092
15097
15103
15106
15107
15108
15122
15128
15129
15134
15135
15140
15142
15149
15160
15164
15165
15168
15174
15179
15182
15197
15201
15210
15223
15227
15231
15236
15237
15240
15241
15244
15246
15247
15249
15262
15263
15272
15277
15279
15286
15287
15288
15297
15300
15306
15310
15311
15321
15323
15326
15329
15330
15331
15335
15343
15344
15348
15349
15350
15351
15353
15358
15359
15360
15361
15365
15373
15377
15379
15390
15392
15394
15406
15407
15411
15416
15418
15420
15422
15425
15427
15428
15431
15432
15438
15450
15464
15466
15469
15470
15472
15476
15479
15480
15481
15488
15497
15498
15501
15504
15507
15509
15512
15516
15519
15531
15535
15536
15538
15539
15544
15558
15561
15562
15566
15568
15572
15573
15578
15584
15585
15586
15589
15591
15597
15600
15602
15603
15606
15609
15610
15611
15614
15615
15616
15618
15620
15622
15630
15631
15641
15643
15645
15646
15649
15650
15651
15656
15657
15659
15666
15668
15671
15673
15683
15688
15696
15701
15703
15706
15716
15717
15718
15721
15733
15734
15737
15754
15760
15763
15765
15768
15770
15773
15775
15776
15779
15781
15786
15792
15794
15805
15813
15814
15816
15820
15829
15831
15832
15839
15845
15849
15852
15857
15864
15866
15867
15870
15871
15875
15888
15889
15895
15901
15911
15921
15923
15927
15928
15930
15933
15935
15936
15937
15941
15943
15946
15950
15951
15952
15953
15964
15966
15971
15976
15977
15980
15988
15989
16003
16004
16008
16012
16021
16022
16023
16029
16031
16035
16037
16041
16044
16051
16054
16055
16058
16060
16061
16063
16064
16065
16066
16072
16079
16090
16095
16099
16100
16105
16109
16111
16113
16119
16128
16134
16135
16136
16139
16143
16150
16153
16156
16157
16160
16161
16168
16170
16180
16181
16184
16185
16186
16190
16191
16199
16201
16205
16210
16215
16220
16223
16227
16236
16241
16243
16251
16262
16264
16267
16268
16269
16276
16278
16281
16288
16291
16295
16297
16298
16300
16315
16318
16319
16324
16325
16326
16327
16330
16340
16341
16345
16346
16359
16374
16376
16383
16386
16390
16395
16413
16416
16417
16418
16421
16423
16429
16431
16436
16438
16441
16446
16453
16457
16458
16459
16461
16462
16469
16482
16485
16486
16488
16489
16491
16494
16499
16501
16504
16506
16514
16516
16529
16537
16542
16547
16548
16554
16557
16558
16563
16567
16575
16584
16586
16590
16593
16604
16606
16607
16608
16611
16612
16613
16614
16617
16618
16622
16630
16641
16643
16647
16648
16649
16661
16663
16666
16668
16669
16670
16673
16674
16675
16679
16682
16698
16705
16707
16711
16715
16718
16719
16721
16730
16732
16737
16739
16745
16747
16754
16756
16759
16761
16763
16767
16768
16772
16783
16786
16791
16792
16797
16799
16803
16806
16809
16811
16812
16819
16821
16828
16837
16841
16844
16848
16854
16855
16858
16860
16861
16864
16867
16868
16873
16876
16878
16881
16887
16888
16898
16899
16900
16905
16906
16909
16913
16916
16917
16922
16925
16932
16936
16938
16940
16941
16945
16947
16948
16951
16954
16958
16963
16969
16970
16975
16980
16982
16986
16987
16994
16998
17000
17002
17003
17015
17023
17028
17030
17034
17037
17038
17039
17047
17051
17053
17054
17055
17060
17063
17066
17072
17075
17081
17084
17085
17091
17092
17099
17100
17102
17114
17116
17117
17124
17125
17130
17131
17134
17136
17137
17143
17145
17149
17153
17159
17166
17168
17170
17185
17189
17190
17191
17193
17195
17197
17198
17201
17213
17225
17231
17233
17239
17240
17242
17244
17253
17254
17258
17261
17263
17268
17281
17285
17286
17293
17294
17297
17301
17302
17303
17305
17309
17313
17321
17322
17331
17334
17335
17336
17342
17343
17345
17349
17350
17360
17366
17368
17370
17377
17381
17386
17387
17388
17392
17401
17406
17408
17409
17413
17417
17421
17422
17426
17427
17428
17430
17433
17435
17440
17444
17450
17458
17462
17469
17471
17472
17478
17480
17483
17492
17493
17498
17501
17502
17503
17512
17518
17520
17522
17524
17528
17541
17542
17546
17548
17552
17554
17555
17556
17558
17560
17563
17567
17578
17581
17583
17587
17588
17594
17595
17602
17604
17605
17613
17619
17622
17626
17627
17628
17629
17634
17636
17637
17638
17639
17640
17642
17649
17650
17652
17654
17655
17656
17670
17672
17674
17682
17690
17692
17703
17706
17712
17716
17717
17719
17720
17721
17723
17725
17728
17734
17735
17739
17742
17750
17754
17759
17761
17762
17763
17775
17776
17785
17790
17794
17795
17800
17807
17809
17811
17813
17815
17818
17823
17825
17826
17844
17847
17848
17849
17850
17852
17861
17863
17869
17872
17877
17878
17882
17883
17892
17895
17898
17900
17902
17906
17912
17921
17922
17923
17925
17931
17933
17938
17941
17948
17960
17969
17970
17974
17977
17983
17989
17998
18000
18003
18007
18009
18013
18014
18015
18024
18028
18031
18038
18039
18040
18043
18044
18045
18046
18047
18051
18052
18057
18058
18062
18070
18078
18080
18081
18082
18094
18100
18101
18104
18106
18119
18121
18125
18126
18128
18134
18135
18136
18141
18142
18143
18149
18152
18153
18156
18157
18159
18161
18165
18170
18172
18176
18177
18179
18185
18187
18191
18193
18195
18197
18199
18202
18204
18208
18214
18217
18223
18235
18240
18245
18249
18254
18256
18258
18260
18261
18266
18269
18274
18275
18279
18280
18283
18284
18290
18292
18296
18300
18301
18302
18305
18306
18307
18313
18322
18323
18325
18327
18329
18330
18334
18339
18345
18346
18347
18350
18355
18357
18366
18367
18372
18373
18375
18381
18383
18385
18393
18398
18400
18407
18410
18413
18414
18420
18427
18430
18431
18435
18440
18442
18445
18447
18450
18451
18453
18454
18458
18459
18470
18482
18491
18494
18499
18500
18503
18506
18507
18510
18511
18513
18515
18516
18517
18522
18523
18527
18530
18531
18534
18537
18538
18542
18543
18550
18551
18552
18554
18556
18564
18567
18572
18577
18583
18584
18591
18593
18598
18602
18604
18613
18620
18634
18637
18640
18645
18650
18653
18656
18661
18662
18665
18668
18670
18672
18687
18690
18699
18700
18705
18706
18707
18709
18711
18712
18716
18723
18725
18732
18737
18741
18745
18763
18767
18770
18776
18777
18781
18785
18786
18788
18791
18793
18795
18799
18801
18802
18809
18812
18816
18820
18823
18824
18825
18834
18835
18843
18845
18847
18848
18851
18853
18862
18863
18864
18868
18871
18873
18880
18891
18892
18898
18903
18904
18916
18918
18922
18923
18925
18931
18933
18934
18937
18938
18940
18949
18950
18951
18952
18956
18961
18964
18965
18968
18970
18972
18973
18974
18978
18999
19005
19006
19016
19019
19024
19025
19034
19036
19037
19040
19042
19043
19045
19047
19051
19053
19055
19058
19063
19065
19066
19068
19069
19071
19072
19073
19074
19078
19084
19087
19091
19096
19097
19107
19108
19115
19127
19137
19142
19143
19145
19152
19153
19155
19156
19157
19174
19176
19180
19183
19191
19193
19196
19198
19200
19203
19207
19208
19215
19221
19225
19229
19233
19234
19237
19239
19240
19241
19256
19258
19260
19264
19270
19273
19275
19280
19285
19290
19293
19309
19311
19319
19320
19321
19323
19324
19334
19335
19341
19345
19346
19351
19352
19354
19355
19362
19363
19364
19367
19368
19370
19371
19376
19386
19389
19391
19392
19399
19403
19415
19416
19431
19438
19439
19446
19454
19456
19458
19460
19464
19465
19469
19471
19476
19480
19484
19486
19500
19502
19503
19504
19505
19506
19507
19509
19512
19516
19520
19525
19528
19533
19544
19546
19549
19550
19551
19553
19554
19563
19564
19571
19576
19583
19585
19586
19589
19590
19592
19600
19609
19615
19622
19624
19626
19628
19629
19630
19632
19639
19641
19642
19651
19653
19656
19658
19660
19667
19671
19681
19684
19685
19686
19690
19692
19698
19701
19703
19709
19716
19717
19721
19722
19724
19728
19731
19734
19737
19738
19743
19745
19748
19749
19753
19754
19755
19760
19762
19763
19764
19766
19772
19775
19781
19782
19784
19786
19793
19795
19798
19803
19808
19811
19813
19814
19821
19822
19825
19827
19833
19835
19837
19838
19849
19851
19864
19870
19875
19881
19883
19891
19898
19902
19905
19907
19919
19921
19924
19926
19930
19932
19944
19946
19961
19970
19972
19987
19989
19997
19998
20010
20013
20024
20027
20028
20029
20030
20035
20041
20047
20049
20051
20055
20060
20063
20065
20068
20070
20073
20074
20084
20096
20100
20101
20102
20105
20106
20107
20110
20118
20125
20131
20134
20136
20137
20138
20139
20140
20144
20147
20149
20150
20154
20157
20162
20163
20166
20172
20174
20176
20177
20179
20180
20181
20183
20186
20197
20204
20223
20226
20229
20234
20240
20244
20247
20251
20252
20254
20258
20259
20260
20261
20262
20263
20264
20272
20279
20281
20282
20283
20288
20294
20295
20296
20297
20299
20306
20314
20315
20317
20318
20322
20323
20326
20331
20333
20360
20362
20363
20371
20372
20374
20376
20377
20388
20392
20398
20401
20403
20409
20410
20411
20412
20414
20425
20434
20437
20443
20446
20455
20461
20462
20464
20473
20483
20487
20489
20496
20499
20506
20515
20519
20530
20531
20535
20538
20539
20545
20548
20551
20554
20559
20570
20573
20578
20579
20585
20587
20588
20589
20591
20593
20594
20596
20602
20605
20612
20615
20616
20619
20620
20621
20625
20640
20642
20643
20644
20648
20657
20659
20668
20673
20677
20678
20681
20683
20687
20689
20692
20695
20696
20700
20701
20704
20705
20707
20708
20723
20724
20735
20740
20741
20744
20746
20750
20752
20754
20757
20759
20760
20788
20792
20796
20807
20808
20809
20812
20817
20819
20820
20825
20828
20830
20831
20836
20839
20841
20843
20844
20847
20850
20858
20861
20864
20871
20872
20876
20877
20891
20900
20907
20909
20910
20917
20921
20923
20925
20926
20927
20928
20934
20935
20939
20952
20954
20958
20961
20965
20968
20979
20980
20982
20984
21001
21003
21004
21009
21010
21011
21013
21017
21018
21020
21022
21032
21033
21035
21038
21041
21052
21055
21059
21061
21064
21072
21074
21076
21081
21085
21086
21090
21095
21104
21106
21111
21115
21118
21120
21125
21126
21135
21137
21140
21147
21148
21149
21151
21152
21157
21164
21171
21174
21175
21182
21187
21196
21198
21199
21205
21206
21207
21209
21214
21216
21220
21222
21223
21238
21253
21255
21256
21266
21271
21272
21277
21279
21280
21281
21283
21289
21294
21295
21299
21300
21306
21309
21310
21312
21313
21314
21315
21320
21329
21331
21341
21343
21351
21354
21360
21361
21363
21364
21365
21369
21374
21380
21387
21388
21395
21398
21402
21404
21409
21411
21413
21414
21416
21418
21421
21422
21428
21429
21434
21437
21439
21440
21441
21443
21444
21446
21447
21450
21452
21454
21456
21457
21459
21463
21465
21466
21471
21478
21479
21484
21488
21492
21496
21498
21502
21503
21509
21510
21514
21515
21516
21527
21535
21546
21548
21553
21558
21559
21562
21563
21570
21571
21576
21578
21580
21583
21584
21586
21588
21589
21590
21593
21599
21604
21607
21610
21616
21618
21620
21621
21622
21623
21625
21630
21631
21639
21641
21647
21648
21655
21657
21658
21661
21663
21665
21671
21673
21674
21675
21684
21692
21695
21698
21699
21700
21701
21702
21706
21707
21712
21713
21715
21719
21721
21722
21727
21729
21733
21735
21736
21744
21746
21750
21757
21758
21765
21773
21780
21782
21783
21786
21787
21789
21791
21793
21795
21798
21800
21801
21812
21822
21825
21826
21827
21829
21832
21839
21840
21847
21848
21850
21859
21861
21872
21873
21874
21876
21886
21891
21898
21903
21916
21931
21932
21933
21935
21939
21942
21944
21962
21966
21967
21975
21978
21979
21983
21986
21988
21990
21996
22000
22003
22004
22005
22008
22022
22023
22024
22025
22027
22031
22035
22040
22042
22043
22044
22045
22048
22050
22056
22059
22060
22061
22063
22071
22072
22079
22080
22081
22082
22084
22086
22089
22099
22103
22105
22106
22107
22111
22115
22118
22120
22133
22142
22153
22155
22159
22166
22174
22181
22182
22185
22187
22189
22190
22192
22193
22202
22203
22206
22209
22213
22215
22216
22225
22231
22241
22244
22252
22253
22258
22259
22264
22265
22273
22274
22275
22276
22278
22281
22286
22289
22304
22305
22308
22309
22310
22316
22324
22332
22333
22334
22337
22340
22342
22345
22351
22352
22354
22355
22356
22359
22361
22365
22368
22370
22371
22377
22380
22382
22387
22396
22400
22401
22403
22409
22412
22415
22417
22418
22421
22430
22432
22440
22451
22453
22454
22455
22457
22462
22467
22470
22482
22484
22488
22491
22501
22504
22506
22511
22519
22529
22533
22534
22535
22537
22538
22541
22545
22549
22550
22551
22562
22565
22566
22567
22569
22570
22571
22572
22575
22577
22579
22583
22586
22588
22595
22597
22598
22600
22603
22611
22613
22617
22620
22622
22626
22632
22633
22638
22641
22645
22647
22650
22651
22652
22656
22657
22663
22665
22666
22667
22669
22679
22680
22686
22689
22692
22695
22709
22716
22719
22723
22725
22729
22734
22740
22742
22746
22749
22750
22754
22761
22768
22774
22777
22778
22782
22789
22791
22792
22794
22795
22796
22805
22806
22813
22814
22815
22817
22822
22828
22833
22835
22838
22839
22841
22842
22845
22846
22847
22855
22859
22863
22868
22877
22883
22887
22888
22895
22902
22912
22914
22916
22919
22920
22924
22929
22933
22934
22942
22943
22945
22946
22947
22948
22949
22953
22966
22977
22983
22984
22985
22986
22987
22992
22997
23005
23006
23008
23009
23014
23020
23026
23039
23044
23048
23050
23051
23053
23059
23060
23061
23062
23064
23066
23068
23070
23076
23077
23078
23082
23084
23085
23087
23090
23111
23112
23113
23116
23118
23128
23130
23131
23132
23135
23136
23140
23141
23147
23151
23152
23156
23159
23162
23165
23167
23174
23180
23182
23183
23185
23186
23187
23188
23190
23193
23198
23201
23205
23207
23215
23218
23223
23224
23229
23242
23243
23247
23252
23254
23259
23260
23271
23272
23280
23282
23285
23294
23295
23302
23305
23310
23311
23327
23329
23330
23345
23351
23357
23358
23364
23365
23371
23372
23374
23377
23387
23396
23397
23403
23412
23433
23437
23441
23444
23445
23449
23453
23455
23457
23461
23463
23465
23466
23469
23470
23474
23479
23492
23493
23497
23500
23506
23507
23508
23509
23515
23521
23524
23526
23528
23529
23530
23534
23540
23541
23547
23548
23552
23557
23559
23561
23566
23567
23570
23571
23582
23590
23591
23600
23604
23607
23609
23617
23618
23619
23622
23625
23628
23629
23638
23640
23650
23653
23658
23659
23660
23661
23664
23665
23666
23671
23677
23681
23684
23685
23688
23693
23694
23695
23697
23700
23704
23707
23708
23711
23717
23721
23725
23735
23736
23745
23747
23755
23759
23760
23762
23767
23771
23778
23780
23785
23794
23795
23796
23807
23816
23829
23831
23832
23834
23839
23842
23845
23846
23849
23852
23856
23858
23860
23863
23867
23870
23873
23880
23883
23888
23891
23895
23899
23906
23907
23914
23923
23925
23928
23933
23934
23938
23939
23944
23945
23951
23952
23956
23960
23965
23968
23971
23973
23977
23980
23992
23994
23996
24011
24012
24015
24016
24018
24022
24023
24030
24037
24038
24040
24042
24046
24048
24052
24059
24069
24070
24089
24093
24097
24102
24103
24104
24108
24114
24120
24122
24125
24133
24139
24141
24148
24149
24150
24156
24161
24162
24167
24170
24171
24175
24176
24178
24180
24186
24188
24189
24197
24206
24209
24213
24216
24218
24222
24224
24229
24230
24234
24238
24239
24240
24243
24250
24251
24253
24255
24258
24262
24263
24271
24281
24284
24289
24300
24301
24303
24305
24306
24308
24317
24321
24322
24326
24328
24331
24333
24334
24338
24341
24350
24352
24356
24359
24360
24364
24365
24366
24372
24375
24376
24385
24389
24390
24396
24397
24399
24400
24403
24405
24411
24414
24418
24426
24428
24430
24437
24443
24444
24448
24450
24453
24457
24460
24461
24462
24463
24464
24466
24469
24472
24473
24481
24485
24486
24488
24492
24493
24496
24506
24507
24514
24516
24517
24521
24530
24534
24537
24539
24542
24543
24549
24552
24562
24570
24571
24572
24573
24578
24580
24584
24586
24587
24593
24595
24596
24603
24606
24609
24615
24618
24623
24631
24632
24634
24635
24636
24638
24640
24649
24654
24657
24658
24664
24665
24670
24677
24678
24679
24691
24695
24697
24704
24709
24710
24719
24723
24745
24751
24753
24754
24755
24757
24763
24766
24768
24771
24776
24778
24794
24803
24804
24810
24817
24818
24819
24823
24829
24830
24833
24834
24836
24839
24842
24843
24844
24861
24862
24867
24869
24873
24874
24875
24878
24883
24886
24892
24895
24906
24907
24911
24912
24914
24915
24917
24921
24929
24931
24936
24941
24947
24949
24951
24952
24953
24954
24956
24965
24967
24968
24970
24973
24974
24977
24981
24983
24987
24989
24991
24995
25002
25004
25007
25011
25015
25021
25022
25025
25027
25032
25035
25042
25044
25047
25049
25053
25060
25064
25068
25069
25072
25084
25085
25088
25091
25092
25095
25096
25103
25106
25107
25112
25123
25133
25135
25139
25146
25148
25150
25155
25158
25161
25167
25168
25178
25182
25185
25187
25188
25194
25195
25196
25198
25199
25202
25204
25206
25209
25214
25224
25228
25233
25236
25237
25247
25248
25249
25251
25256
25259
25260
25265
25277
25282
25283
25287
25296
25305
25310
25312
25317
25324
25326
25327
25328
25332
25334
25336
25338
25341
25345
25346
25355
25356
25358
25373
25374
25380
25385
25389
25392
25395
25400
25407
25415
25419
25420
25423
25424
25427
25430
25434
25440
25449
25461
25462
25463
25468
25470
25477
25481
25482
25485
25487
25492
25504
25513
25515
25516
25518
25523
25524
25527
25528
25531
25535
25540
25547
25548
25560
25564
25566
25571
25579
25580
25583
25584
25585
25598
25601
25605
25606
25607
25608
25611
25613
25616
25619
25620
25630
25632
25643
25647
25650
25654
25655
25659
25661
25664
25671
25679
25682
25688
25690
25691
25693
25694
25697
25710
25711
25715
25716
25723
25725
25726
25735
25736
25737
25738
25740
25742
25743
25744
25745
25758
25762
25763
25764
25765
25767
25771
25772
25773
25775
25776
25778
25780
25781
25783
25784
25795
25802
25803
25805
25806
25810
25818
25820
25821
25823
25835
25836
25838
25839
25843
25845
25848
25852
25856
25857
25858
25863
25865
25868
25874
25876
25878
25881
25890
25892
25895
25897
25899
25901
25902
25905
25911
25915
25920
25927
25932
25933
25934
25935
25936
25938
25939
25940
25943
25954
25955
25958
25959
25964
25970
25978
25979
25989
25991
25992
25993
25995
25997
26005
26012
26014
26016
26021
26023
26027
26034
26035
26037
26043
26044
26053
26064
26065
26066
26068
26069
26076
26078
26079
26084
26088
26091
26096
26097
26102
26103
26106
26108
26109
26111
26121
26127
26133
26135
26143
26145
26149
26152
26154
26157
26158
26162
26165
26169
26179
26182
26188
26189
26191
26193
26195
26198
26201
26204
26208
26215
26216
26217
26220
26232
26249
26251
26260
26269
26276
26283
26286
26287
26289
26299
26302
26304
26308
26313
26316
26317
26318
26327
26328
26334
26336
26354
26357
26358
26359
26360
26363
26365
26366
26370
26391
26392
26394
26399
26400
26402
26405
26411
26413
26424
26430
26433
26437
26438
26443
26444
26462
26466
26470
26471
26473
26474
26475
26477
26478
26479
26482
26485
26486
26487
26494
26498
26504
26508
26515
26516
26518
26523
26527
26532
26537
26542
26552
26556
26561
26562
26563
26574
26579
26581
26589
26590
26592
26596
26603
26604
26610
26614
26616
26617
26618
26622
26623
26624
26625
26627
26628
26632
26643
26644
26646
26647
26650
26651
26669
26676
26685
26689
26697
26700
26703
26706
26707
26709
26711
26713
26715
26718
26721
26734
26737
26739
26754
26757
26759
26761
26765
26773
26776
26780
26788
26791
26804
26809
26815
26816
26818
26819
26820
26826
26831
26834
26835
26839
26840
26841
26844
26845
26847
26848
26852
26856
26859
26864
26866
26868
26872
26892
26894
26896
26897
26898
26900
26901
26902
26907
26910
26912
26917
26921
26923
26924
26925
26934
26935
26940
26943
26946
26950
26956
26959
26965
26968
26970
26976
26979
26983
26985
26989
26995
27000
27001
27008
27009
27012
27015
27016
27019
27031
27033
27034
27040
27042
27044
27047
27048
27052
27053
27054
27056
27062
27063
27066
27068
27069
27071
27072
27073
27077
27083
27086
27087
27091
27093
27094
27097
27099
27100
27105
27108
27113
27114
27117
27118
27121
27123
27128
27131
27135
27151
27158
27166
27169
27170
27174
27177
27192
27196
27198
27199
27200
27201
27203
27204
27208
27209
27215
27217
27220
27222
27229
27232
27238
27239
27240
27242
27246
27247
27251
27252
27255
27257
27258
27260
27264
27265
27266
27268
27270
27272
27273
27274
27276
27284
27288
27289
27295
27298
27300
27307
27314
27315
27316
27319
27321
27323
27329
27330
27331
27336
27338
27340
27345
27348
27356
27360
27361
27365
27366
27371
27381
27383
27385
27391
27395
27397
27403
27418
27431
27439
27449
27450
27451
27459
27463
27466
27471
27482
27484
27486
27488
27490
27492
27493
27498
27499
27500
27501
27511
27513
27518
27521
27527
27532
27533
27534
27535
27536
27541
27543
27545
27548
27553
27562
27565
27570
27572
27573
27574
27576
27580
27583
27585
27588
27591
27592
27594
27606
27608
27610
27611
27616
27619
27620
27622
27624
27628
27629
27631
27632
27636
27637
27640
27641
27642
27643
27650
27651
27655
27661
27663
27665
27666
27667
27669
27671
27672
27677
27681
27682
27685
27686
27688
27692
27696
27698
27704
27708
27709
27710
27713
27714
27715
27716
27720
27732
27733
27736
27740
27741
27743
27744
27748
27753
27755
27756
27757
27759
27760
27761
27763
27767
27772
27774
27777
27779
27787
27794
27801
27803
27805
27806
27807
27808
27810
27814
27820
27824
27825
27827
27830
27833
27836
27838
27841
27842
27843
27854
27855
27857
27859
27869
27876
27877
27885
27889
27892
27893
27897
27898
27905
27909
27919
27926
27928
27932
27935
27936
27941
27948
27954
27955
27961
27962
27963
27973
27975
27978
27979
27980
27983
27990
27992
27997
28000
28010
28014
28018
28019
28024
28028
28035
28039
28042
28043
28050
28056
28064
28075
28077
28079
28084
28095
28098
28106
28110
28119
28122
28132
28134
28135
28138
28139
28141
28144
28147
28148
28157
28160
28161
28163
28167
28169
28170
28176
28177
28179
28181
28188
28189
28192
28195
28200
28202
28204
28212
28219
28221
28224
28228
28230
28237
28239
28241
28244
28249
28253
28258
28259
28265
28267
28271
28280
28284
28287
28289
28290
28298
28301
28302
28303
28304
28311
28316
28321
28323
28341
28342
28346
28351
28360
28362
28368
28370
28371
28374
28377
28392
28394
28399
28407
28408
28409
28410
28415
28422
28424
28425
28428
28454
28459
28461
28462
28467
28468
28471
28478
28479
28483
28484
28494
28496
28503
28515
28519
28526
28531
28537
28541
28542
28545
28547
28549
28551
28555
28556
28566
28568
28571
28578
28587
28591
28592
28593
28596
28608
28610
28613
28614
28618
28620
28623
28626
28628
28629
28631
28633
28643
28644
28648
28651
28662
28668
28671
28674
28676
28679
28680
28681
28684
28685
28690
28694
28696
28699
28710
28711
28712
28713
28718
28722
28724
28726
28731
28733
28734
28740
28741
28742
28743
28747
28748
28754
28756
28758
28763
28766
28773
28776
28785
28786
28788
28789
28801
28803
28807
28808
28809
28824
28829
28832
28839
28842
28847
28853
28854
28861
28864
28865
28877
28878
28881
28883
28884
28885
28887
28889
28890
28898
28899
28902
28903
28904
28911
28918
28919
28920
28921
28922
28926
28927
28930
28933
28937
28940
28941
28942
28945
28947
28948
28952
28954
28966
28968
28969
28975
28978
28987
28988
28992
28996
28997
28998
28999
29002
29011
29012
29013
29017
29023
29027
29030
29042
29043
29047
29049
29051
29053
29056
29066
29067
29075
29080
29086
29090
29091
29095
29096
29098
29101
29103
29106
29110
29116
29120
29122
29124
29127
29131
29134
29139
29142
29146
29152
29153
29156
29167
29168
29175
29176
29177
29183
29185
29188
29189
29199
29202
29203
29204
29210
29216
29224
29227
29228
29229
29232
29243
29247
29248
29253
29259
29260
29266
29267
29268
29269
29275
29278
29286
29296
29297
29298
29300
29304
29308
29309
29310
29313
29322
29325
29330
29332
29346
29353
29365
29368
29376
29382
29386
29388
29395
29404
29406
29411
29416
29417
29418
29423
29427
29428
29431
29439
29444
29445
29449
29461
29465
29470
29472
29476
29477
29483
29484
29486
29504
29511
29515
29516
29518
29526
29530
29535
29541
29542
29557
29558
29560
29561
29562
29563
29564
29566
29568
29573
29576
29587
29590
29594
29597
29601
29603
29622
29623
29624
29625
29633
29634
29635
29639
29644
29646
29650
29654
29655
29659
29661
29665
29671
29673
29675
29687
29688
29689
29692
29695
29698
29703
29705
29711
29713
29715
29717
29718
29721
29724
29733
29735
29737
29738
29739
29741
29752
29755
29756
29767
29768
29770
29775
29778
29782
29788
29792
29796
29797
29799
29801
29802
29805
29809
29810
29814
29817
29818
29822
29829
29836
29840
29842
29843
29846
29852
29854
29855
29857
29865
29874
29876
29879
29880
29885
29886
29888
29893
29895
29896
29897
29903
29907
29908
29912
29913
29918
29920
29929
29932
29936
29947
29948
29950
29951
29956
29958
29960
29963
29964
29965
29969
29972
29976
29977
29984
29985
29992
30007
30013
30014
30017
30018
30020
30036
30040
30047
30049
30058
30059
30061
30069
30076
30084
30085
30091
30096
30097
30099
30102
30104
30105
30107
30110
30111
30119
30120
30121
30122
30128
30129
30137
30140
30149
30154
30155
30156
30157
30159
30163
30164
30171
30175
30178
30181
30185
30187
30204
30207
30217
30219
30222
30225
30226
30230
30243
30254
30260
30261
30265
30268
30274
30277
30282
30287
30292
30295
30298
30304
30308
30313
30315
30322
30330
30331
30332
30334
30340
30342
30349
30358
30368
30374
30379
30381
30382
30386
30392
30403
30418
30420
30427
30429
30431
30432
30439
30440
30442
30458
30460
30467
30468
30471
30472
30473
30475
30483
30484
30489
30491
30494
30496
30497
30501
30502
30503
30504
30516
30518
30520
30521
30522
30524
30527
30538
30546
30559
30562
30565
30570
30573
30577
30578
30579
30582
30594
30601
30602
30609
30616
30624
30627
30631
30637
30640
30649
30651
30656
30661
30667
30669
30672
30673
30675
30685
30688
30690
30692
30707
30709
30717
30718
30721
30724
30725
30729
30731
30747
30748
30750
30754
30759
30762
30773
30779
30785
30787
30788
30789
30791
30792
30796
30801
30804
30810
30811
30812
30816
30826
30827
30828
30837
30839
30846
30848
30851
30857
30858
30862
30874
30880
30883
30888
30893
30899
30900
30901
30903
30911
30913
30921
30923
30925
30935
30936
30939
30942
30943
30946
30948
30956
30957
30960
30965
30967
30971
30974
30977
30978
30981
30982
30991
31000
31011
31012
31016
31017
31019
31021
31026
31029
31041
31042
31043
31052
31056
31065
31066
31068
31070
31072
31078
31084
31085
31091
31092
31096
31098
31101
31105
31108
31112
31117
31121
31125
31130
31132
31135
31140
31141
31148
31149
31157
31158
31167
31169
31176
31177
31181
31182
31183
31192
31197
31202
31206
31208
31213
31215
31220
31221
31223
31224
31228
31232
31235
31239
31240
31245
31247
31250
31253
31255
31259
31267
31268
31270
31277
31278
31279
31287
31291
31293
31294
31300
31307
31310
31313
31314
31317
31318
31322
31323
31332
31335
31336
31337
31338
31342
31343
31345
31347
31348
31351
31355
31356
31360
31361
31362
31370
31373
31376
31377
31380
31386
31387
31388
31391
31393
31394
31398
31404
31412
31417
31419
31427
31428
31432
31434
31435
31438
31446
31448
31452
31458
31461
31467
31468
31476
31477
31479
31481
31486
31493
31494
31498
31500
31504
31511
31513
31524
31526
31534
31535
31536
31538
31551
31555
31557
31560
31561
31562
31564
31565
31573
31575
31578
31582
31589
31592
31593
31594
31606
31607
31609
31617
31620
31621
31632
31633
31637
31638
31641
31643
31646
31650
31655
31659
31663
31668
31671
31675
31676
31692
31696
31698
31701
31702
31705
31707
31712
31713
31716
31720
31723
31725
31730
31741
31742
31749
31753
31761
31765
31776
31779
31781
31784
31788
31789
31791
31793
31798
31801
31804
31806
31809
31831
31834
31839
31845
31850
31858
31860
31864
31875
31877
31880
31889
31891
31893
31896
31897
31899
31903
31907
31913
31915
31916
31921
31922
31926
31930
31936
31939
31942
31943
31944
31957
31958
31961
31964
31965
31970
31974
31975
31983
31987
31990
31993
32003
32006
32007
32008
32009
32017
32018
32021
32027
32029
32037
32039
32040
32041
32042
32050
32053
32070
32075
32077
32079
32088
32091
32093
32119
32124
32131
32138
32139
32141
32142
32150
32156
32158
32159
32160
32170
32180
32181
32184
32192
32196
32198
32199
32200
32204
32208
32210
32212
32221
32222
32225
32230
32236
32239
32242
32243
32244
32245
32246
32251
32255
32257
32260
32262
32263
32267
32268
32271
32279
32294
32299
32302
32303
32306
32310
32316
32318
32332
32333
32334
32337
32338
32341
32344
32345
32347
32354
32359
32360
32361
32363
32364
32366
32371
32372
32378
32379
32380
32381
32386
32387
32389
32393
32398
32406
32411
32413
32416
32419
32420
32421
32427
32431
32433
32436
32438
32439
32449
32450
32452
32455
32466
32467
32469
32471
32474
32481
32483
32489
32493
32494
32497
32502
32504
32507
32514
32515
32525
32526
32531
32532
32538
32542
32544
32549
32550
32557
32579
32584
32585
32591
32599
32601
32606
32607
32609
32616
32620
32636
32637
32638
32641
32642
32645
32646
32647
32652
32657
32660
32662
32669
32672
32674
32678
32680
32686
32688
32700
32701
32708
32712
32713
32717
32719
32720
32721
32732
32734
32739
32740
32745
32747
32751
32753
32758
32759
32763
32764
32765
32767
32771
32773
32776
32779
32783
32789
32791
32793
32799
32800
32801
32802
32805
32807
32808
32809
32810
32814
32819
32821
32827
32834
32835
32836
32849
32855
32856
32861
32865
32867
32876
32878
32881
32894
32899
32901
32902
32918
32919
32920
32922
32929
32930
32931
32932
32933
32935
32939
32940
32942
32943
32944
32945
32950
32952
32955
32962
32963
32965
32973
32976
32989
32991
32993
32999
33001
33016
33018
33022
33025
33027
33029
33039
33040
33044
33045
33048
33049
33051
33054
33055
33062
33063
33067
33069
33078
33080
33085
33087
33093
33098
33100
33101
33104
33106
33111
33118
33120
33123
33124
33126
33130
33132
33134
33141
33150
33159
33160
33168
33169
33171
33172
33178
33181
33183
33184
33185
33186
33192
33199
33202
33215
33220
33221
33225
33231
33232
33234
33236
33237
33241
33244
33251
33252
33253
33257
33263
33278
33285
33287
33292
33296
33298
33303
33305
33307
33319
33321
33324
33325
33328
33334
33347
33353
33354
33355
33356
33364
33368
33371
33374
33376
33378
33380
33381
33382
33386
33387
33388
33395
33403
33404
33409
33411
33412
33419
33421
33427
33430
33435
33437
33441
33444
33445
33447
33453
33455
33457
33464
33467
33468
33470
33471
33472
33475
33476
33479
33480
33486
33495
33497
33498
33499
33500
33501
33518
33519
33526
33527
33528
33529
33531
33533
33542
33544
33549
33550
33551
33558
33560
33562
33563
33565
33572
33573
33576
33578
33583
33587
33594
33598
33604
33605
33609
33611
33617
33629
33633
33635
33638
33640
33641
33645
33646
33647
33648
33650
33654
33658
33660
33665
33667
33670
33675
33677
33679
33680
33681
33687
33688
33689
33694
33697
33698
33702
33707
33708
33715
33717
33719
33721
33734
33748
33752
33754
33766
33776
33794
33795
33796
33798
33801
33802
33803
33810
33811
33817
33819
33820
33822
33831
33834
33836
33843
33846
33848
33852
33854
33858
33862
33867
33872
33873
33875
33877
33878
33879
33882
33886
33887
33888
33889
33893
33896
33898
33904
33908
33914
33921
33933
33935
33944
33948
33955
33962
33965
33971
33979
33982
33983
33984
33988
33990
33992
33993
33997
34000
34006
34010
34012
34019
34022
34026
34027
34028
34038
34040
34041
34042
34044
34045
34051
34053
34055
34056
34060
34063
34066
34070
34071
34072
34075
34076
34077
34078
34080
34082
34087
34088
34089
34091
34097
34098
34102
34106
34110
34114
34117
34118
34125
34139
34140
34146
34147
34156
34157
34158
34160
34163
34166
34167
34172
34173
34174
34180
34181
34186
34190
34191
34198
34200
34202
34204
34208
34209
34213
34214
34223
34227
34228
34232
34233
34241
34249
34252
34255
34256
34258
34259
34264
34265
34266
34274
34276
34278
34279
34286
34290
34293
34298
34301
34310
34317
34321
34325
34328
34331
34333
34336
34338
34339
34342
34343
34349
34352
34357
34360
34363
34370
34371
34374
34376
34380
34384
34386
34387
34390
34395
34399
34400
34402
34424
34428
34430
34434
34435
34440
34442
34450
34455
34460
34462
34468
34472
34473
34477
34479
34481
34484
34499
34502
34506
34507
34509
34516
34522
34528
34529
34532
34536
34540
34541
34549
34550
34551
34558
34560
34561
34566
34567
34572
34574
34576
34582
34583
34586
34589
34593
34599
34600
34607
34609
34611
34612
34615
34616
34632
34644
34646
34647
34648
34652
34654
34658
34664
34667
34669
34670
34671
34672
34673
34675
34676
34679
34681
34683
34684
34693
34699
34700
34708
34712
34717
34719
34721
34724
34727
34730
34731
34732
34736
34737
34738
34742
34746
34752
34753
34754
34761
34763
34765
34766
34767
34768
34769
34777
34780
34783
34789
34793
34794
34795
34800
34806
34811
34813
34816
34817
34818
34824
34827
34828
34831
34833
34835
34838
34840
34841
34843
34844
34846
34847
34848
34857
34860
34861
34862
34870
34875
34878
34879
34884
34885
34888
34890
34896
34900
34912
34913
34920
34921
34925
34929
34931
34937
34938
34939
34944
34945
34947
34948
34963
34964
34966
34968
34969
34972
34973
34994
35003
35005
35013
35016
35017
35018
35021
35033
35034
35042
35044
35045
35053
35056
35061
35073
35077
35086
35093
35095
35097
35098
35103
35109
35111
35112
35119
35121
35127
35128
35131
35132
35133
35135
35143
35144
35154
35155
35158
35159
35161
35162
35164
35167
35169
35172
35175
35184
35188
35190
35192
35196
35199
35202
35206
35211
35212
35215
35216
35218
35219
35220
35224
35226
35233
35235
35236
35237
35239
35241
35245
35256
35257
35264
35277
35280
35292
35293
35301
35303
35305
35318
35320
35323
35324
35329
35330
35332
35333
35335
35338
35341
35346
35348
35349
35358
35363
35364
35369
35373
35374
35376
35380
35382
35391
35393
35395
35398
35404
35408
35424
35426
35431
35438
35439
35443
35448
35451
35454
35455
35456
35457
35461
35471
35472
35473
35479
35480
35486
35488
35496
35498
35500
35501
35509
35521
35523
35525
35526
35527
35533
35537
35542
35543
35547
35548
35549
35552
35553
35554
35555
35556
35565
35567
35569
35572
35574
35579
35582
35585
35586
35589
35591
35594
35596
35598
35603
35605
35608
35609
35614
35620
35622
35623
35635
35645
35646
35650
35657
35659
35661
35664
35665
35666
35669
35670
35674
35675
35676
35682
35687
35691
35692
35698
35703
35706
35708
35710
35711
35713
35719
35724
35725
35730
35735
35742
35747
35748
35752
35753
35762
35763
35772
35777
35779
35782
35783
35785
35786
35792
35796
35799
35808
35813
35814
35817
35820
35821
35822
35828
35830
35837
35839
35840
35843
35852
35853
35854
35856
35857
35859
35862
35867
35868
35872
35878
35884
35885
35886
35899
35902
35903
35906
35908
35909
35919
35924
35926
35927
35930
35931
35932
35934
35936
35937
35941
35947
35965
35968
35969
35971
35973
35981
35984
35988
35990
36005
36008
36017
36021
36026
36030
36033
36038
36041
36048
36050
36058
36060
36064
36065
36066
36068
36069
36073
36074
36076
36077
36079
36081
36082
36083
36090
36097
36098
36099
36103
36105
36106
36110
36123
36126
36128
36139
36142
36145
36148
36149
36155
36163
36170
36173
36175
36181
36193
36194
36195
36205
36208
36213
36214
36216
36223
36226
36229
36230
36242
36243
36244
36250
36251
36270
36271
36272
36282
36283
36290
36293
36294
36298
36304
36308
36309
36314
36321
36322
36326
36332
36333
36347
36350
36357
36364
36366
36369
36372
36374
36380
36383
36384
36385
36389
36399
36402
36407
36408
36415
36416
36417
36421
36423
36425
36433
36437
36438
36439
36441
36443
36448
36449
36459
36464
36468
36471
36472
36474
36477
36479
36485
36487
36489
36500
36503
36504
36506
36508
36509
36517
36523
36524
36526
36527
36532
36533
36539
36540
36542
36545
36549
36552
36556
36557
36563
36568
36572
36575
36578
36580
36588
36593
36595
36598
36599
36600
36604
36609
36615
36619
36620
36621
36623
36625
36627
36629
36632
36638
36640
36641
36644
36646
36647
36652
36659
36661
36662
36669
36671
36673
36676
36677
36685
36689
36690
36702
36705
36707
36708
36713
36716
36717
36722
36723
36726
36727
36736
36738
36746
36749
36751
36754
36761
36766
36768
36774
36776
36778
36779
36781
36782
36783
36790
36794
36799
36802
36804
36809
36812
36814
36820
36823
36829
36830
36831
36837
36847
36852
36855
36861
36863
36864
36866
36867
36868
36872
36875
36881
36883
36884
36886
36887
36888
36889
36890
36891
36892
36897
36899
36901
36913
36921
36923
36933
36935
36936
36946
36952
36957
36962
36964
36966
36967
36971
36976
36982
36985
36988
36991
36994
36995
36996
37006
37007
37013
37014
37019
37021
37022
37023
37026
37033
37036
37037
37052
37054
37055
37058
37065
37068
37069
37070
37073
37075
37078
37082
37084
37086
37088
37089
37090
37094
37098
37102
37106
37109
37110
37112
37114
37118
37121
37125
37131
37132
37133
37134
37136
37141
37142
37145
37146
37151
37154
37168
37169
37172
37182
37184
37189
37198
37199
37201
37203
37205
37211
37217
37220
37236
37238
37241
37242
37245
37247
37250
37253
37254
37262
37266
37270
37275
37281
37283
37286
37291
37292
37296
37301
37303
37304
37313
37314
37322
37324
37325
37330
37331
37332
37341
37344
37350
37353
37356
37358
37364
37371
37372
37374
37375
37376
37389
37394
37395
37401
37402
37414
37417
37422
37423
37424
37429
37431
37433
37434
37438
37441
37450
37451
37454
37455
37458
37459
37460
37464
37467
37470
37471
37476
37481
37482
37485
37494
37498
37500
37501
37504
37506
37512
37514
37522
37523
37528
37530
37533
37535
37537
37543
37549
37550
37559
37561
37566
37567
37570
37572
37574
37576
37579
37580
37582
37584
37594
37595
37597
37600
37601
37604
37607
37610
37611
37612
37613
37617
37619
37620
37621
37624
37626
37627
37636
37638
37640
37641
37646
37648
37652
37653
37658
37660
37661
37663
37665
37670
37672
37674
37678
37680
37685
37694
37699
37700
37703
37705
37709
37715
37716
37719
37725
37747
37762
37763
37765
37766
37771
37774
37787
37793
37794
37799
37800
37807
37809
37814
37819
37821
37839
37843
37852
37857
37861
37875
37881
37882
37883
37885
37889
37895
37916
37919
37920
37923
37930
37933
37934
37937
37938
37939
37943
37950
37953
37955
37957
37964
37965
37966
37967
37969
37971
37977
37983
37987
37989
37992
37993
37994
37999
38001
38002
38004
